0  0  0  0  0  0  0  0  0  3  0  0  0  0  0  0  0  3  3  3
0  0  0  0  0  0  0  0  0  3  0  0  3 10  2  0  0  0  0  3
0  8 10  0  0  0  0  0  0  3  0  0  3  0  6  0  0  0 11  3
0  2  3  3  3  0  3  0  3  3  4  0  4  0  3  3  3  3  3  3
0  0  0  0  1  2  1  2  1  1  0  0  3  0  0  0  0  0  0  3
4  4 10  0  0  6  0  6  0  0  0  0  3  0  0  0  0  0  0  3
1  1  1  1  1  3  3  3  3  3  4  3  3 10  0  2  0  0  0  3
3  3  3  3  3  3  3  3  3  3  3  3  3  3  3  3  3  3  0  3
0  0  0  0  0  0  3  0  0  0  0  3  0  0  0  0  0  3  0  3
0  0  0  0  0  0  0  0  0  0  0  0  0  0  0  0  0  3  0  3
0  0  0  0  0  3  0  4  0  0  3  0  4  0  0  3  0  4  0  3
0  0  0  0  0  0  0  0  0  0  0  0  0  0  0  0  0  0  0  3
0  0  0  0  0  0  4  0  0  0  0  4  0  0  0  0  4  1  1  3
3  0  3  3  3  3  3  3  3  3  3  3  3  3  3  3  3  3  3  3
0 10  0  0  0  0  0  0  0  0  0  0  0  0  0  0  0  0  9  0