0 0 0 0 0 0 0 0 0 0 0 0 0 0 0 0 0 0 0 0
0 3 3 3 3 0 0 0 0 0 0 0 0 0 0 0 0 0 0 0
0 0 0 0 3 0 0 0 0 0 0 0 0 0 0 0 0 0 0 0
0 8 0 6 3 0 0 0 0 0 0 0 0 0 0 0 0 0 0 0
0 1 1 0 3 0 0 0 0 0 0 0 0 0 0 0 0 0 0 0
0 3 0 0 3 3 0 0 0 0 0 0 0 0 0 0 0 0 0 0
0 3 0 0 0 3 0 0 0 0 0 0 0 0 0 0 0 0 0 0
0 3 0 0 0 3 0 0 0 0 0 0 0 0 0 0 0 0 0 0
0 3 2 3 0 3 0 0 0 0 0 0 0 0 0 0 0 0 0 0
0 0 0 3 2 3 0 0 0 0 0 0 0 0 0 0 0 0 0 0
0 0 0 3 2 3 3 3 3 3 3 3 3 3 3 3 3 3 1 0
0 0 0 1 5 0 0 0 0 0 0 0 0 0 0 0 0 0 1 0
0 0 0 1 0 0 0 0 0 0 0 0 0 0 0 0 5 9 1 0
0 0 0 1 1 1 1 1 1 1 1 1 1 1 1 1 1 1 1 0
0 0 0 0 0 0 0 0 0 0 0 0 0 0 0 0 0 0 0 0